?- test5.
-------------Start------------
[5 0 4 14]
[10 1 3 12]
[2 15 6 13]
[7 11 9 8]
try moving left
[0 5 4 14]
[10 1 3 12]
[2 15 6 13]
[7 11 9 8]
--------------End-------------
-------------Start------------
[5 0 4 14]
[10 1 3 12]
[2 15 6 13]
[7 11 9 8]
try moving right
[5 4 0 14]
[10 1 3 12]
[2 15 6 13]
[7 11 9 8]

--------------End-------------
-------------Start------------
[5 0 4 14]
[10 1 3 12]
[2 15 6 13]
[7 11 9 8]
try moving down
[5 1 4 14]
[10 0 3 12]
[2 15 6 13]
[7 11 9 8]

--------------End-------------
-------------Start------------
[0 5 4 14]
[10 1 3 12]
[2 15 6 13]
[7 11 9 8]
try moving right
[5 0 4 14]
[10 1 3 12]
[2 15 6 13]
[7 11 9 8]

--------------End-------------
-------------Start------------
[0 5 4 14]
[10 1 3 12]
[2 15 6 13]
[7 11 9 8]
try moving down
[10 5 4 14]
[0 1 3 12]
[2 15 6 13]
[7 11 9 8]

--------------End-------------
-------------Start------------
[10 5 4 14]
[0 1 3 12]
[2 15 6 13]
[7 11 9 8]
try moving right
[10 5 4 14]
[1 0 3 12]
[2 15 6 13]
[7 11 9 8]

--------------End-------------
-------------Start------------
[10 5 4 14]
[0 1 3 12]
[2 15 6 13]
[7 11 9 8]
try moving up
[0 5 4 14]
[10 1 3 12]
[2 15 6 13]
[7 11 9 8]

--------------End-------------
-------------Start------------
[10 5 4 14]
[0 1 3 12]
[2 15 6 13]
[7 11 9 8]
try moving down
[10 5 4 14]
[2 1 3 12]
[0 15 6 13]
[7 11 9 8]

--------------End-------------
-------------Start------------
[5 1 4 14]
[10 0 3 12]
[2 15 6 13]
[7 11 9 8]
try moving left
[5 1 4 14]
[0 10 3 12]
[2 15 6 13]
[7 11 9 8]
--------------End-------------
-------------Start------------
[5 1 4 14]
[10 0 3 12]
[2 15 6 13]
[7 11 9 8]
try moving right
[5 1 4 14]
[10 3 0 12]
[2 15 6 13]
[7 11 9 8]

--------------End-------------
-------------Start------------
[5 1 4 14]
[10 0 3 12]
[2 15 6 13]
[7 11 9 8]
try moving up
[5 0 4 14]
[10 1 3 12]
[2 15 6 13]
[7 11 9 8]

--------------End-------------
-------------Start------------
[5 1 4 14]
[10 0 3 12]
[2 15 6 13]
[7 11 9 8]
try moving down
[5 1 4 14]
[10 15 3 12]
[2 0 6 13]
[7 11 9 8]

--------------End-------------
-------------Start------------
[5 1 4 14]
[0 10 3 12]
[2 15 6 13]
[7 11 9 8]
try moving right
[5 1 4 14]
[10 0 3 12]
[2 15 6 13]
[7 11 9 8]

--------------End-------------
-------------Start------------
[5 1 4 14]
[0 10 3 12]
[2 15 6 13]
[7 11 9 8]
try moving up
[0 1 4 14]
[5 10 3 12]
[2 15 6 13]
[7 11 9 8]

--------------End-------------
-------------Start------------
[5 1 4 14]
[0 10 3 12]
[2 15 6 13]
[7 11 9 8]
try moving down
[5 1 4 14]
[2 10 3 12]
[0 15 6 13]
[7 11 9 8]

--------------End-------------
-------------Start------------
[0 1 4 14]
[5 10 3 12]
[2 15 6 13]
[7 11 9 8]
try moving right
[1 0 4 14]
[5 10 3 12]
[2 15 6 13]
[7 11 9 8]

--------------End-------------
-------------Start------------
[0 1 4 14]
[5 10 3 12]
[2 15 6 13]
[7 11 9 8]
try moving down
[5 1 4 14]
[0 10 3 12]
[2 15 6 13]
[7 11 9 8]

--------------End-------------
-------------Start------------
[5 4 0 14]
[10 1 3 12]
[2 15 6 13]
[7 11 9 8]
try moving left
[5 0 4 14]
[10 1 3 12]
[2 15 6 13]
[7 11 9 8]
--------------End-------------
-------------Start------------
[5 4 0 14]
[10 1 3 12]
[2 15 6 13]
[7 11 9 8]
try moving right
[5 4 14 0]
[10 1 3 12]
[2 15 6 13]
[7 11 9 8]

--------------End-------------
-------------Start------------
[5 4 0 14]
[10 1 3 12]
[2 15 6 13]
[7 11 9 8]
try moving down
[5 4 3 14]
[10 1 0 12]
[2 15 6 13]
[7 11 9 8]

--------------End-------------
-------------Start------------
[5 4 3 14]
[10 1 0 12]
[2 15 6 13]
[7 11 9 8]
try moving left
[5 4 3 14]
[10 0 1 12]
[2 15 6 13]
[7 11 9 8]
--------------End-------------
-------------Start------------
[5 4 3 14]
[10 1 0 12]
[2 15 6 13]
[7 11 9 8]
try moving right
[5 4 3 14]
[10 1 12 0]
[2 15 6 13]
[7 11 9 8]

--------------End-------------
-------------Start------------
[5 4 3 14]
[10 1 0 12]
[2 15 6 13]
[7 11 9 8]
try moving up
[5 4 0 14]
[10 1 3 12]
[2 15 6 13]
[7 11 9 8]

--------------End-------------
-------------Start------------
[5 4 3 14]
[10 1 0 12]
[2 15 6 13]
[7 11 9 8]
try moving down
[5 4 3 14]
[10 1 6 12]
[2 15 0 13]
[7 11 9 8]

--------------End-------------
-------------Start------------
[5 4 3 14]
[10 0 1 12]
[2 15 6 13]
[7 11 9 8]
try moving left
[5 4 3 14]
[0 10 1 12]
[2 15 6 13]
[7 11 9 8]
--------------End-------------
-------------Start------------
[5 4 3 14]
[10 0 1 12]
[2 15 6 13]
[7 11 9 8]
try moving right
[5 4 3 14]
[10 1 0 12]
[2 15 6 13]
[7 11 9 8]

--------------End-------------
-------------Start------------
[5 4 3 14]
[10 0 1 12]
[2 15 6 13]
[7 11 9 8]
try moving up
[5 0 3 14]
[10 4 1 12]
[2 15 6 13]
[7 11 9 8]

--------------End-------------
-------------Start------------
[5 4 3 14]
[10 0 1 12]
[2 15 6 13]
[7 11 9 8]
try moving down
[5 4 3 14]
[10 15 1 12]
[2 0 6 13]
[7 11 9 8]

--------------End-------------
-------------Start------------
[5 4 3 14]
[0 10 1 12]
[2 15 6 13]
[7 11 9 8]
try moving right
[5 4 3 14]
[10 0 1 12]
[2 15 6 13]
[7 11 9 8]

--------------End-------------
-------------Start------------
[5 4 3 14]
[0 10 1 12]
[2 15 6 13]
[7 11 9 8]
try moving up
[0 4 3 14]
[5 10 1 12]
[2 15 6 13]
[7 11 9 8]

--------------End-------------
-------------Start------------
[5 4 3 14]
[0 10 1 12]
[2 15 6 13]
[7 11 9 8]
try moving down
[5 4 3 14]
[2 10 1 12]
[0 15 6 13]
[7 11 9 8]

--------------End-------------
-------------Start------------
[0 4 3 14]
[5 10 1 12]
[2 15 6 13]
[7 11 9 8]
try moving right
[4 0 3 14]
[5 10 1 12]
[2 15 6 13]
[7 11 9 8]

--------------End-------------
-------------Start------------
[0 4 3 14]
[5 10 1 12]
[2 15 6 13]
[7 11 9 8]
try moving down
[5 4 3 14]
[0 10 1 12]
[2 15 6 13]
[7 11 9 8]

--------------End-------------
-------------Start------------
[5 0 3 14]
[10 4 1 12]
[2 15 6 13]
[7 11 9 8]
try moving left
[0 5 3 14]
[10 4 1 12]
[2 15 6 13]
[7 11 9 8]
--------------End-------------
-------------Start------------
[5 0 3 14]
[10 4 1 12]
[2 15 6 13]
[7 11 9 8]
try moving right
[5 3 0 14]
[10 4 1 12]
[2 15 6 13]
[7 11 9 8]

--------------End-------------
-------------Start------------
[5 0 3 14]
[10 4 1 12]
[2 15 6 13]
[7 11 9 8]
try moving down
[5 4 3 14]
[10 0 1 12]
[2 15 6 13]
[7 11 9 8]

--------------End-------------
-------------Start------------
[0 5 3 14]
[10 4 1 12]
[2 15 6 13]
[7 11 9 8]
try moving right
[5 0 3 14]
[10 4 1 12]
[2 15 6 13]
[7 11 9 8]

--------------End-------------
-------------Start------------
[0 5 3 14]
[10 4 1 12]
[2 15 6 13]
[7 11 9 8]
try moving down
[10 5 3 14]
[0 4 1 12]
[2 15 6 13]
[7 11 9 8]

--------------End-------------
-------------Start------------
[5 4 14 0]
[10 1 3 12]
[2 15 6 13]
[7 11 9 8]
try moving left
[5 4 0 14]
[10 1 3 12]
[2 15 6 13]
[7 11 9 8]
--------------End-------------
-------------Start------------
[5 4 14 0]
[10 1 3 12]
[2 15 6 13]
[7 11 9 8]
try moving down
[5 4 14 12]
[10 1 3 0]
[2 15 6 13]
[7 11 9 8]

--------------End-------------
-------------Start------------
[5 4 3 14]
[2 10 1 12]
[0 15 6 13]
[7 11 9 8]
try moving right
[5 4 3 14]
[2 10 1 12]
[15 0 6 13]
[7 11 9 8]

--------------End-------------
-------------Start------------
[5 4 3 14]
[2 10 1 12]
[0 15 6 13]
[7 11 9 8]
try moving up
[5 4 3 14]
[0 10 1 12]
[2 15 6 13]
[7 11 9 8]

--------------End-------------
-------------Start------------
[5 4 3 14]
[2 10 1 12]
[0 15 6 13]
[7 11 9 8]
try moving down
[5 4 3 14]
[2 10 1 12]
[7 15 6 13]
[0 11 9 8]

--------------End-------------
Solution path for heuristic is: 
[5 0 4 14]
[10 1 3 12]
[2 15 6 13]
[7 11 9 8]

[5 4 0 14]
[10 1 3 12]
[2 15 6 13]
[7 11 9 8]

[5 4 3 14]
[10 1 0 12]
[2 15 6 13]
[7 11 9 8]

[5 4 3 14]
[10 1 6 12]
[2 15 0 13]
[7 11 9 8]

true 

