?- test1.
-------------Start------------
[5 0 4 14]
[10 1 3 12]
[2 15 6 13]
[7 11 9 8]
try moving left
[0 5 4 14]
[10 1 3 12]
[2 15 6 13]
[7 11 9 8]
--------------End-------------
-------------Start------------
[0 5 4 14]
[10 1 3 12]
[2 15 6 13]
[7 11 9 8]
try moving right
[5 0 4 14]
[10 1 3 12]
[2 15 6 13]
[7 11 9 8]

--------------End-------------
-------------Start------------
[0 5 4 14]
[10 1 3 12]
[2 15 6 13]
[7 11 9 8]
try moving down
[10 5 4 14]
[0 1 3 12]
[2 15 6 13]
[7 11 9 8]

--------------End-------------
-------------Start------------
[10 5 4 14]
[0 1 3 12]
[2 15 6 13]
[7 11 9 8]
try moving right
[10 5 4 14]
[1 0 3 12]
[2 15 6 13]
[7 11 9 8]

--------------End-------------
-------------Start------------
[10 5 4 14]
[1 0 3 12]
[2 15 6 13]
[7 11 9 8]
try moving left
[10 5 4 14]
[0 1 3 12]
[2 15 6 13]
[7 11 9 8]
--------------End-------------
-------------Start------------
[10 5 4 14]
[1 0 3 12]
[2 15 6 13]
[7 11 9 8]
try moving right
[10 5 4 14]
[1 3 0 12]
[2 15 6 13]
[7 11 9 8]

--------------End-------------
-------------Start------------
[10 5 4 14]
[1 3 0 12]
[2 15 6 13]
[7 11 9 8]
try moving left
[10 5 4 14]
[1 0 3 12]
[2 15 6 13]
[7 11 9 8]
--------------End-------------
-------------Start------------
[10 5 4 14]
[1 3 0 12]
[2 15 6 13]
[7 11 9 8]
try moving right
[10 5 4 14]
[1 3 12 0]
[2 15 6 13]
[7 11 9 8]

--------------End-------------
-------------Start------------
[10 5 4 14]
[1 3 12 0]
[2 15 6 13]
[7 11 9 8]
try moving left
[10 5 4 14]
[1 3 0 12]
[2 15 6 13]
[7 11 9 8]
--------------End-------------
-------------Start------------
[10 5 4 14]
[1 3 12 0]
[2 15 6 13]
[7 11 9 8]
try moving up
[10 5 4 0]
[1 3 12 14]
[2 15 6 13]
[7 11 9 8]

--------------End-------------
-------------Start------------
[10 5 4 0]
[1 3 12 14]
[2 15 6 13]
[7 11 9 8]
try moving left
[10 5 0 4]
[1 3 12 14]
[2 15 6 13]
[7 11 9 8]
--------------End-------------
-------------Start------------
[10 5 0 4]
[1 3 12 14]
[2 15 6 13]
[7 11 9 8]
try moving left
[10 0 5 4]
[1 3 12 14]
[2 15 6 13]
[7 11 9 8]
--------------End-------------
-------------Start------------
[10 0 5 4]
[1 3 12 14]
[2 15 6 13]
[7 11 9 8]
try moving left
[0 10 5 4]
[1 3 12 14]
[2 15 6 13]
[7 11 9 8]
--------------End-------------
-------------Start------------
[0 10 5 4]
[1 3 12 14]
[2 15 6 13]
[7 11 9 8]
try moving right
[10 0 5 4]
[1 3 12 14]
[2 15 6 13]
[7 11 9 8]

--------------End-------------
-------------Start------------
[0 10 5 4]
[1 3 12 14]
[2 15 6 13]
[7 11 9 8]
try moving down
[1 10 5 4]
[0 3 12 14]
[2 15 6 13]
[7 11 9 8]

--------------End-------------
-------------Start------------
[1 10 5 4]
[0 3 12 14]
[2 15 6 13]
[7 11 9 8]
try moving right
[1 10 5 4]
[3 0 12 14]
[2 15 6 13]
[7 11 9 8]

--------------End-------------
-------------Start------------
[1 10 5 4]
[3 0 12 14]
[2 15 6 13]
[7 11 9 8]
try moving left
[1 10 5 4]
[0 3 12 14]
[2 15 6 13]
[7 11 9 8]
--------------End-------------
-------------Start------------
[1 10 5 4]
[3 0 12 14]
[2 15 6 13]
[7 11 9 8]
try moving right
[1 10 5 4]
[3 12 0 14]
[2 15 6 13]
[7 11 9 8]

--------------End-------------
-------------Start------------
[1 10 5 4]
[3 12 0 14]
[2 15 6 13]
[7 11 9 8]
try moving left
[1 10 5 4]
[3 0 12 14]
[2 15 6 13]
[7 11 9 8]
--------------End-------------
-------------Start------------
[1 10 5 4]
[3 12 0 14]
[2 15 6 13]
[7 11 9 8]
try moving right
[1 10 5 4]
[3 12 14 0]
[2 15 6 13]
[7 11 9 8]

--------------End-------------
-------------Start------------
[1 10 5 4]
[3 12 14 0]
[2 15 6 13]
[7 11 9 8]
try moving left
[1 10 5 4]
[3 12 0 14]
[2 15 6 13]
[7 11 9 8]
--------------End-------------
-------------Start------------
[1 10 5 4]
[3 12 14 0]
[2 15 6 13]
[7 11 9 8]
try moving up
[1 10 5 0]
[3 12 14 4]
[2 15 6 13]
[7 11 9 8]

--------------End-------------
-------------Start------------
[1 10 5 0]
[3 12 14 4]
[2 15 6 13]
[7 11 9 8]
try moving left
[1 10 0 5]
[3 12 14 4]
[2 15 6 13]
[7 11 9 8]
--------------End-------------
-------------Start------------
[1 10 0 5]
[3 12 14 4]
[2 15 6 13]
[7 11 9 8]
try moving left
[1 0 10 5]
[3 12 14 4]
[2 15 6 13]
[7 11 9 8]
--------------End-------------
-------------Start------------
[1 0 10 5]
[3 12 14 4]
[2 15 6 13]
[7 11 9 8]
try moving left
[0 1 10 5]
[3 12 14 4]
[2 15 6 13]
[7 11 9 8]
--------------End-------------
-------------Start------------
[0 1 10 5]
[3 12 14 4]
[2 15 6 13]
[7 11 9 8]
try moving right
[1 0 10 5]
[3 12 14 4]
[2 15 6 13]
[7 11 9 8]

--------------End-------------
-------------Start------------
[0 1 10 5]
[3 12 14 4]
[2 15 6 13]
[7 11 9 8]
try moving down
[3 1 10 5]
[0 12 14 4]
[2 15 6 13]
[7 11 9 8]

--------------End-------------
-------------Start------------
[3 1 10 5]
[0 12 14 4]
[2 15 6 13]
[7 11 9 8]
try moving right
[3 1 10 5]
[12 0 14 4]
[2 15 6 13]
[7 11 9 8]

--------------End-------------
-------------Start------------
[3 1 10 5]
[12 0 14 4]
[2 15 6 13]
[7 11 9 8]
try moving left
[3 1 10 5]
[0 12 14 4]
[2 15 6 13]
[7 11 9 8]
--------------End-------------
-------------Start------------
[3 1 10 5]
[12 0 14 4]
[2 15 6 13]
[7 11 9 8]
try moving right
[3 1 10 5]
[12 14 0 4]
[2 15 6 13]
[7 11 9 8]

--------------End-------------
-------------Start------------
[3 1 10 5]
[12 14 0 4]
[2 15 6 13]
[7 11 9 8]
try moving left
[3 1 10 5]
[12 0 14 4]
[2 15 6 13]
[7 11 9 8]
--------------End-------------
-------------Start------------
[3 1 10 5]
[12 14 0 4]
[2 15 6 13]
[7 11 9 8]
try moving right
[3 1 10 5]
[12 14 4 0]
[2 15 6 13]
[7 11 9 8]

--------------End-------------
-------------Start------------
[3 1 10 5]
[12 14 4 0]
[2 15 6 13]
[7 11 9 8]
try moving left
[3 1 10 5]
[12 14 0 4]
[2 15 6 13]
[7 11 9 8]
--------------End-------------
-------------Start------------
[3 1 10 5]
[12 14 4 0]
[2 15 6 13]
[7 11 9 8]
try moving up
[3 1 10 0]
[12 14 4 5]
[2 15 6 13]
[7 11 9 8]

--------------End-------------
-------------Start------------
[3 1 10 0]
[12 14 4 5]
[2 15 6 13]
[7 11 9 8]
try moving left
[3 1 0 10]
[12 14 4 5]
[2 15 6 13]
[7 11 9 8]
--------------End-------------
-------------Start------------
[3 1 0 10]
[12 14 4 5]
[2 15 6 13]
[7 11 9 8]
try moving left
[3 0 1 10]
[12 14 4 5]
[2 15 6 13]
[7 11 9 8]
--------------End-------------
-------------Start------------
[3 0 1 10]
[12 14 4 5]
[2 15 6 13]
[7 11 9 8]
try moving left
[0 3 1 10]
[12 14 4 5]
[2 15 6 13]
[7 11 9 8]
--------------End-------------
-------------Start------------
[0 3 1 10]
[12 14 4 5]
[2 15 6 13]
[7 11 9 8]
try moving right
[3 0 1 10]
[12 14 4 5]
[2 15 6 13]
[7 11 9 8]

--------------End-------------
-------------Start------------
[0 3 1 10]
[12 14 4 5]
[2 15 6 13]
[7 11 9 8]
try moving down
[12 3 1 10]
[0 14 4 5]
[2 15 6 13]
[7 11 9 8]

--------------End-------------
-------------Start------------
[12 3 1 10]
[0 14 4 5]
[2 15 6 13]
[7 11 9 8]
try moving right
[12 3 1 10]
[14 0 4 5]
[2 15 6 13]
[7 11 9 8]

--------------End-------------
-------------Start------------
[12 3 1 10]
[14 0 4 5]
[2 15 6 13]
[7 11 9 8]
try moving left
[12 3 1 10]
[0 14 4 5]
[2 15 6 13]
[7 11 9 8]
--------------End-------------
-------------Start------------
[12 3 1 10]
[14 0 4 5]
[2 15 6 13]
[7 11 9 8]
try moving right
[12 3 1 10]
[14 4 0 5]
[2 15 6 13]
[7 11 9 8]

--------------End-------------
-------------Start------------
[12 3 1 10]
[14 4 0 5]
[2 15 6 13]
[7 11 9 8]
try moving left
[12 3 1 10]
[14 0 4 5]
[2 15 6 13]
[7 11 9 8]
--------------End-------------
-------------Start------------
[12 3 1 10]
[14 4 0 5]
[2 15 6 13]
[7 11 9 8]
try moving right
[12 3 1 10]
[14 4 5 0]
[2 15 6 13]
[7 11 9 8]

--------------End-------------
-------------Start------------
[12 3 1 10]
[14 4 5 0]
[2 15 6 13]
[7 11 9 8]
try moving left
[12 3 1 10]
[14 4 0 5]
[2 15 6 13]
[7 11 9 8]
--------------End-------------
-------------Start------------
[12 3 1 10]
[14 4 5 0]
[2 15 6 13]
[7 11 9 8]
try moving up
[12 3 1 0]
[14 4 5 10]
[2 15 6 13]
[7 11 9 8]

--------------End-------------
-------------Start------------
[12 3 1 0]
[14 4 5 10]
[2 15 6 13]
[7 11 9 8]
try moving left
[12 3 0 1]
[14 4 5 10]
[2 15 6 13]
[7 11 9 8]
--------------End-------------
-------------Start------------
[12 3 0 1]
[14 4 5 10]
[2 15 6 13]
[7 11 9 8]
try moving left
[12 0 3 1]
[14 4 5 10]
[2 15 6 13]
[7 11 9 8]
--------------End-------------
-------------Start------------
[12 0 3 1]
[14 4 5 10]
[2 15 6 13]
[7 11 9 8]
try moving left
[0 12 3 1]
[14 4 5 10]
[2 15 6 13]
[7 11 9 8]
--------------End-------------
-------------Start------------
[0 12 3 1]
[14 4 5 10]
[2 15 6 13]
[7 11 9 8]
try moving right
[12 0 3 1]
[14 4 5 10]
[2 15 6 13]
[7 11 9 8]

--------------End-------------
-------------Start------------
[0 12 3 1]
[14 4 5 10]
[2 15 6 13]
[7 11 9 8]
try moving down
[14 12 3 1]
[0 4 5 10]
[2 15 6 13]
[7 11 9 8]

--------------End-------------
-------------Start------------
[14 12 3 1]
[0 4 5 10]
[2 15 6 13]
[7 11 9 8]
try moving right
[14 12 3 1]
[4 0 5 10]
[2 15 6 13]
[7 11 9 8]

--------------End-------------
-------------Start------------
[14 12 3 1]
[4 0 5 10]
[2 15 6 13]
[7 11 9 8]
try moving left
[14 12 3 1]
[0 4 5 10]
[2 15 6 13]
[7 11 9 8]
--------------End-------------
-------------Start------------
[14 12 3 1]
[4 0 5 10]
[2 15 6 13]
[7 11 9 8]
try moving right
[14 12 3 1]
[4 5 0 10]
[2 15 6 13]
[7 11 9 8]

--------------End-------------
-------------Start------------
[14 12 3 1]
[4 5 0 10]
[2 15 6 13]
[7 11 9 8]
try moving left
[14 12 3 1]
[4 0 5 10]
[2 15 6 13]
[7 11 9 8]
--------------End-------------
-------------Start------------
[14 12 3 1]
[4 5 0 10]
[2 15 6 13]
[7 11 9 8]
try moving right
[14 12 3 1]
[4 5 10 0]
[2 15 6 13]
[7 11 9 8]

--------------End-------------
-------------Start------------
[14 12 3 1]
[4 5 10 0]
[2 15 6 13]
[7 11 9 8]
try moving left
[14 12 3 1]
[4 5 0 10]
[2 15 6 13]
[7 11 9 8]
--------------End-------------
-------------Start------------
[14 12 3 1]
[4 5 10 0]
[2 15 6 13]
[7 11 9 8]
try moving up
[14 12 3 0]
[4 5 10 1]
[2 15 6 13]
[7 11 9 8]

--------------End-------------
-------------Start------------
[14 12 3 0]
[4 5 10 1]
[2 15 6 13]
[7 11 9 8]
try moving left
[14 12 0 3]
[4 5 10 1]
[2 15 6 13]
[7 11 9 8]
--------------End-------------
-------------Start------------
[14 12 0 3]
[4 5 10 1]
[2 15 6 13]
[7 11 9 8]
try moving left
[14 0 12 3]
[4 5 10 1]
[2 15 6 13]
[7 11 9 8]
--------------End-------------
-------------Start------------
[14 0 12 3]
[4 5 10 1]
[2 15 6 13]
[7 11 9 8]
try moving left
[0 14 12 3]
[4 5 10 1]
[2 15 6 13]
[7 11 9 8]
--------------End-------------
-------------Start------------
[0 14 12 3]
[4 5 10 1]
[2 15 6 13]
[7 11 9 8]
try moving right
[14 0 12 3]
[4 5 10 1]
[2 15 6 13]
[7 11 9 8]

--------------End-------------
-------------Start------------
[0 14 12 3]
[4 5 10 1]
[2 15 6 13]
[7 11 9 8]
try moving down
[4 14 12 3]
[0 5 10 1]
[2 15 6 13]
[7 11 9 8]

--------------End-------------
-------------Start------------
[4 14 12 3]
[0 5 10 1]
[2 15 6 13]
[7 11 9 8]
try moving right
[4 14 12 3]
[5 0 10 1]
[2 15 6 13]
[7 11 9 8]

--------------End-------------
-------------Start------------
[4 14 12 3]
[5 0 10 1]
[2 15 6 13]
[7 11 9 8]
try moving left
[4 14 12 3]
[0 5 10 1]
[2 15 6 13]
[7 11 9 8]
--------------End-------------
-------------Start------------
[4 14 12 3]
[5 0 10 1]
[2 15 6 13]
[7 11 9 8]
try moving right
[4 14 12 3]
[5 10 0 1]
[2 15 6 13]
[7 11 9 8]

--------------End-------------
-------------Start------------
[4 14 12 3]
[5 10 0 1]
[2 15 6 13]
[7 11 9 8]
try moving left
[4 14 12 3]
[5 0 10 1]
[2 15 6 13]
[7 11 9 8]
--------------End-------------
-------------Start------------
[4 14 12 3]
[5 10 0 1]
[2 15 6 13]
[7 11 9 8]
try moving right
[4 14 12 3]
[5 10 1 0]
[2 15 6 13]
[7 11 9 8]

--------------End-------------
-------------Start------------
[4 14 12 3]
[5 10 1 0]
[2 15 6 13]
[7 11 9 8]
try moving left
[4 14 12 3]
[5 10 0 1]
[2 15 6 13]
[7 11 9 8]
--------------End-------------
-------------Start------------
[4 14 12 3]
[5 10 1 0]
[2 15 6 13]
[7 11 9 8]
try moving up
[4 14 12 0]
[5 10 1 3]
[2 15 6 13]
[7 11 9 8]

--------------End-------------
-------------Start------------
[4 14 12 0]
[5 10 1 3]
[2 15 6 13]
[7 11 9 8]
try moving left
[4 14 0 12]
[5 10 1 3]
[2 15 6 13]
[7 11 9 8]
--------------End-------------
-------------Start------------
[4 14 0 12]
[5 10 1 3]
[2 15 6 13]
[7 11 9 8]
try moving left
[4 0 14 12]
[5 10 1 3]
[2 15 6 13]
[7 11 9 8]
--------------End-------------
-------------Start------------
[4 0 14 12]
[5 10 1 3]
[2 15 6 13]
[7 11 9 8]
try moving left
[0 4 14 12]
[5 10 1 3]
[2 15 6 13]
[7 11 9 8]
--------------End-------------
-------------Start------------
[0 4 14 12]
[5 10 1 3]
[2 15 6 13]
[7 11 9 8]
try moving right
[4 0 14 12]
[5 10 1 3]
[2 15 6 13]
[7 11 9 8]

--------------End-------------
-------------Start------------
[0 4 14 12]
[5 10 1 3]
[2 15 6 13]
[7 11 9 8]
try moving down
[5 4 14 12]
[0 10 1 3]
[2 15 6 13]
[7 11 9 8]

--------------End-------------
-------------Start------------
[5 4 14 12]
[0 10 1 3]
[2 15 6 13]
[7 11 9 8]
try moving right
[5 4 14 12]
[10 0 1 3]
[2 15 6 13]
[7 11 9 8]

--------------End-------------
-------------Start------------
[5 4 14 12]
[10 0 1 3]
[2 15 6 13]
[7 11 9 8]
try moving left
[5 4 14 12]
[0 10 1 3]
[2 15 6 13]
[7 11 9 8]
--------------End-------------
-------------Start------------
[5 4 14 12]
[10 0 1 3]
[2 15 6 13]
[7 11 9 8]
try moving right
[5 4 14 12]
[10 1 0 3]
[2 15 6 13]
[7 11 9 8]

--------------End-------------
-------------Start------------
[5 4 14 12]
[10 1 0 3]
[2 15 6 13]
[7 11 9 8]
try moving left
[5 4 14 12]
[10 0 1 3]
[2 15 6 13]
[7 11 9 8]
--------------End-------------
-------------Start------------
[5 4 14 12]
[10 1 0 3]
[2 15 6 13]
[7 11 9 8]
try moving right
[5 4 14 12]
[10 1 3 0]
[2 15 6 13]
[7 11 9 8]

--------------End-------------
-------------Start------------
[5 4 14 12]
[10 1 3 0]
[2 15 6 13]
[7 11 9 8]
try moving left
[5 4 14 12]
[10 1 0 3]
[2 15 6 13]
[7 11 9 8]
--------------End-------------
-------------Start------------
[5 4 14 12]
[10 1 3 0]
[2 15 6 13]
[7 11 9 8]
try moving up
[5 4 14 0]
[10 1 3 12]
[2 15 6 13]
[7 11 9 8]

--------------End-------------
-------------Start------------
[5 4 14 0]
[10 1 3 12]
[2 15 6 13]
[7 11 9 8]
try moving left
[5 4 0 14]
[10 1 3 12]
[2 15 6 13]
[7 11 9 8]
--------------End-------------
-------------Start------------
[5 4 0 14]
[10 1 3 12]
[2 15 6 13]
[7 11 9 8]
try moving left
[5 0 4 14]
[10 1 3 12]
[2 15 6 13]
[7 11 9 8]
--------------End-------------
-------------Start------------
[5 4 0 14]
[10 1 3 12]
[2 15 6 13]
[7 11 9 8]
try moving right
[5 4 14 0]
[10 1 3 12]
[2 15 6 13]
[7 11 9 8]

--------------End-------------
-------------Start------------
[5 4 0 14]
[10 1 3 12]
[2 15 6 13]
[7 11 9 8]
try moving down
[5 4 3 14]
[10 1 0 12]
[2 15 6 13]
[7 11 9 8]

--------------End-------------
Solution Path for DFS Is: 
[5 0 4 14]
[10 1 3 12]
[2 15 6 13]
[7 11 9 8]

[0 5 4 14]
[10 1 3 12]
[2 15 6 13]
[7 11 9 8]

[10 5 4 14]
[0 1 3 12]
[2 15 6 13]
[7 11 9 8]

[10 5 4 14]
[1 0 3 12]
[2 15 6 13]
[7 11 9 8]

[10 5 4 14]
[1 3 0 12]
[2 15 6 13]
[7 11 9 8]

[10 5 4 14]
[1 3 12 0]
[2 15 6 13]
[7 11 9 8]

[10 5 4 0]
[1 3 12 14]
[2 15 6 13]
[7 11 9 8]

[10 5 0 4]
[1 3 12 14]
[2 15 6 13]
[7 11 9 8]

[10 0 5 4]
[1 3 12 14]
[2 15 6 13]
[7 11 9 8]

[0 10 5 4]
[1 3 12 14]
[2 15 6 13]
[7 11 9 8]

[1 10 5 4]
[0 3 12 14]
[2 15 6 13]
[7 11 9 8]

[1 10 5 4]
[3 0 12 14]
[2 15 6 13]
[7 11 9 8]

[1 10 5 4]
[3 12 0 14]
[2 15 6 13]
[7 11 9 8]

[1 10 5 4]
[3 12 14 0]
[2 15 6 13]
[7 11 9 8]

[1 10 5 0]
[3 12 14 4]
[2 15 6 13]
[7 11 9 8]

[1 10 0 5]
[3 12 14 4]
[2 15 6 13]
[7 11 9 8]

[1 0 10 5]
[3 12 14 4]
[2 15 6 13]
[7 11 9 8]

[0 1 10 5]
[3 12 14 4]
[2 15 6 13]
[7 11 9 8]

[3 1 10 5]
[0 12 14 4]
[2 15 6 13]
[7 11 9 8]

[3 1 10 5]
[12 0 14 4]
[2 15 6 13]
[7 11 9 8]

[3 1 10 5]
[12 14 0 4]
[2 15 6 13]
[7 11 9 8]

[3 1 10 5]
[12 14 4 0]
[2 15 6 13]
[7 11 9 8]

[3 1 10 0]
[12 14 4 5]
[2 15 6 13]
[7 11 9 8]

[3 1 0 10]
[12 14 4 5]
[2 15 6 13]
[7 11 9 8]

[3 0 1 10]
[12 14 4 5]
[2 15 6 13]
[7 11 9 8]

[0 3 1 10]
[12 14 4 5]
[2 15 6 13]
[7 11 9 8]

[12 3 1 10]
[0 14 4 5]
[2 15 6 13]
[7 11 9 8]

[12 3 1 10]
[14 0 4 5]
[2 15 6 13]
[7 11 9 8]

[12 3 1 10]
[14 4 0 5]
[2 15 6 13]
[7 11 9 8]

[12 3 1 10]
[14 4 5 0]
[2 15 6 13]
[7 11 9 8]

[12 3 1 0]
[14 4 5 10]
[2 15 6 13]
[7 11 9 8]

[12 3 0 1]
[14 4 5 10]
[2 15 6 13]
[7 11 9 8]

[12 0 3 1]
[14 4 5 10]
[2 15 6 13]
[7 11 9 8]

[0 12 3 1]
[14 4 5 10]
[2 15 6 13]
[7 11 9 8]

[14 12 3 1]
[0 4 5 10]
[2 15 6 13]
[7 11 9 8]

[14 12 3 1]
[4 0 5 10]
[2 15 6 13]
[7 11 9 8]

[14 12 3 1]
[4 5 0 10]
[2 15 6 13]
[7 11 9 8]

[14 12 3 1]
[4 5 10 0]
[2 15 6 13]
[7 11 9 8]

[14 12 3 0]
[4 5 10 1]
[2 15 6 13]
[7 11 9 8]

[14 12 0 3]
[4 5 10 1]
[2 15 6 13]
[7 11 9 8]

[14 0 12 3]
[4 5 10 1]
[2 15 6 13]
[7 11 9 8]

[0 14 12 3]
[4 5 10 1]
[2 15 6 13]
[7 11 9 8]

[4 14 12 3]
[0 5 10 1]
[2 15 6 13]
[7 11 9 8]

[4 14 12 3]
[5 0 10 1]
[2 15 6 13]
[7 11 9 8]

[4 14 12 3]
[5 10 0 1]
[2 15 6 13]
[7 11 9 8]

[4 14 12 3]
[5 10 1 0]
[2 15 6 13]
[7 11 9 8]

[4 14 12 0]
[5 10 1 3]
[2 15 6 13]
[7 11 9 8]

[4 14 0 12]
[5 10 1 3]
[2 15 6 13]
[7 11 9 8]

[4 0 14 12]
[5 10 1 3]
[2 15 6 13]
[7 11 9 8]

[0 4 14 12]
[5 10 1 3]
[2 15 6 13]
[7 11 9 8]

[5 4 14 12]
[0 10 1 3]
[2 15 6 13]
[7 11 9 8]

[5 4 14 12]
[10 0 1 3]
[2 15 6 13]
[7 11 9 8]

[5 4 14 12]
[10 1 0 3]
[2 15 6 13]
[7 11 9 8]

[5 4 14 12]
[10 1 3 0]
[2 15 6 13]
[7 11 9 8]

[5 4 14 0]
[10 1 3 12]
[2 15 6 13]
[7 11 9 8]

[5 4 0 14]
[10 1 3 12]
[2 15 6 13]
[7 11 9 8]

[5 4 3 14]
[10 1 0 12]
[2 15 6 13]
[7 11 9 8]

true 

